数据集划分信息
==================================================
dataset: lizi
random_seed: 2981
test_size: 0.2
total_images: 465
train_images: 372
val_images: 93
train_ratio: 0.8
val_ratio: 0.2

训练集图像ID:
259
97
155
98
96
449
103
112
397
369
156
376
74
42
442
9
212
269
179
173
213
350
92
44
33
256
254
302
252
413
27
58
111
64
339
367
158
333
430
342
8
403
454
340
283
150
378
249
444
123
135
418
280
451
321
334
458
251
370
304
311
229
169
457
113
23
182
271
410
246
293
366
81
405
82
288
218
233
172
448
338
278
110
199
443
438
400
368
287
266
422
306
71
45
85
51
428
427
379
415
300
329
407
289
234
312
437
19
142
13
396
346
239
38
66
248
419
124
387
151
108
347
456
262
191
109
357
324
309
188
67
77
238
137
260
7
211
258
31
20
217
322
129
136
88
0
461
205
314
286
351
79
331
83
279
70
391
18
160
146
282
54
337
30
281
433
268
78
101
39
424
402
228
224
426
394
43
194
95
320
166
34
406
315
296
175
28
183
132
408
180
196
91
198
435
202
447
161
275
409
267
361
327
76
94
75
257
298
145
36
131
68
157
355
420
348
364
153
141
168
171
63
190
4
12
99
72
208
107
65
388
345
102
383
463
411
316
295
181
276
414
60
336
221
25
10
247
365
147
114
455
386
210
372
187
301
264
118
61
152
310
416
240
353
41
326
133
390
434
335
29
325
421
214
263
313
297
382
404
308
362
139
162
344
307
47
452
294
143
164
15
395
207
16
460
195
223
441
319
117
37
227
341
165
425
201
273
277
317
237
186
241
417
122
242
332
292
243
384
392
55
412
440
215
192
127
209
291
125
274
174
377
73
359
80
21
360
253
423
445
375
381
226
32
453
328
356
393
170
204
270
231
86
104
148
185
106
5
163
401
439
35
450
184
385
159
167
1
62
17
50
216

验证集图像ID:
84
203
128
69
303
432
374
272
352
343
323
6
119
236
121
130
380
261
46
11
330
245
446
57
285
3
189
87
144
56
93
138
244
100
371
235
222
436
389
464
59
40
399
284
265
354
200
250
398
232
462
154
14
120
49
48
90
149
197
318
126
429
134
305
431
116
177
24
193
299
255
176
53
363
358
219
26
225
115
230
349
373
290
105
89
178
220
459
52
2
140
206
22
